01000001001001110001001001101111
01000000001100100001110010101100
0
01000001011111111000001001101101
11000000001100100001110010101100
0
01000010000111000100001001110101
01000001010101000101001110001111
0
11000010100101010010010111010110
00111110101001000101101000011101
0
11000011010011011010000011011000
11000010011000001000110111101101
0
01000001001001110001001001101111
01000000001100100001110010101100
1
01000001011111111000001001101101
11000000001100100001110010101100
1
01000010110000000100101011011100
01000001010111010100111001100010
1
11000010100101010010010111010110
00111110101001000101101000011101
1
11000011010011011010000011011000
11000010011000001000110111101101
1
11111111110011011010000011011000
11000010011000001000110111101101
1
11000011010011011010000011011000
11111111100000000000000000000000
1
00000110000000000000001001101111
00000110000000000000000000000001
1
01000001001001110001001001101111
01000001001001110001001001101111
1
11111111100000000000000000000000
01111111100000000000000000000000
0
01111111100000000000000000000000
11111111100000000000000000000000
0
11111111100000000000000000000000
11111111100000000000000000000000
1
01111111100000000000000000000000
01111111100000000000000000000000
1
01111111100000000000000000000000
01111111100000000000000000000000
0
11111111100000000000000000000000
11111111100000000000000000000000
0
01111111100000000000000000000000
11111111100000000000000000000000
1
11111111100000000000000000000000
01111111100000000000000000000000
1
00000000000000000000000000000000
00000000000000000000000000000000
1