01000001010100111001100110011010
01000001010100101111101101000010
01000010010100010101011101011001
11000010100101001000000101111100
11000011100000101110001000101010
01000000111101010001011010001000
01000001100101100000010011001100
01000010101001001010000100010000
11000010100101011100101000110000
11000011000101010111110101011101
01111111100000000000000000000001
11111111100000000000000000000000
00000000000000000000001001101110
00000000000000000000000000000000
01111111100000000000000000000001
01111111100000000000000000000001
01111111100000000000000000000001
01111111100000000000000000000001
01111111100000000000000000000000
11111111100000000000000000000000
01111111100000000000000000000000
11111111100000000000000000000000