01000001001001110001001001101111
01000000001100100001110010101100
0
01000001011111111000001001101101
10000000001100100001110010101100
0
01000010000111000100001001110101
01000001010101000101001110001111
0
01000010100101010010010111010110
00111110101001000101101000011101
0
01000011010011011010000011011000
10000010011000001000110111101101
0
01000001001001110001001001101111
01000000001100100001110010101100
1
01000001011111111000001001101101
10000000001100100001110010101100
1
01000010000111000100001001110101
01000001010101000101001110001111
1
01000010100101010010010111010110
00111110101001000101101000011101
1
01000011010011011010000011011000
10000010011000001000110111101101
1
10100111000100100110111100000000
00101100100001110010101100000000
1