01000010011000001010011011000011
01000000111110010000111000111001
01000000111011000001110101111110
01000001001011101110110100101001
01000011101000111100010111111101
01000010000111001111101110010000
11000100001010000111110010101010
01000010001111010111011000110100
01000010100111111000011111001101
01000010010101100100010100001111
00000000000000000000000000000000
01000000001100100001110010101100
01111111100000000000000000000000
11000001001001110001001001101111
01111111100000000000000000000000
00000000000000000000000000000000
01000000111011000001110101111110
11111111100000000000000000000000
01111111100000000000000000000000
01111111100000000000000000000000
00000000000000000000000000000000
00000000000000000000000000000000
01000000001100100001110010101100
00000000000000000000000000000000
00000000000000000000000000000000
01111111100000000000000000000000