01000001001001110001001001101111
01000000001100100001110010101100
01000001011111111000001001101101
11000000001100100001110010101100
01000010000111000100001001110101
01000001010101000101001110001111
11000010100101010010010111010110
00111110101001000101101000011101
11000011010011011010000011011000
11000010011000001000110111101101
11111111100000000000000000011000
11000010011000001000110111101101
01000001011111111000001001101101
11111111100000000000000000000000
11111111100000000000000000011000
01111111100000000000000000000000
01111111100000000000000000000000
01111111100000000000000000000000
11111111100000000000000000000000
01111111100000000000000000000000
11111111100000000000000000000000
11111111100000000000000000000000
01111111100000000000000000000000
11111111100000000000000000000000
01000001011111111000001001101101
01111111100000000000000000000000
00000000000000000000000000000000
01111111100000000000000000000000
00000000000000000000000000000000
01000001011111111000001001101101