01000001010100111001100110011010
01000001010100101111101101000010
01000010010100010101011101011001
11000010100101001000000101111100
11000011100000101110001000101010
01000000111101010001011010001000
01000001100101100000010011001100
01000010101001001010000100010000
11000010100101011100101000110000
11000011000101010111110101011101
01111111100000000000000000000001
11111111100000000000000000000000
00000000000000000000001001101110
00000000000000000000000000000000
01111111100000000000000000000001
01111111100000000000000000000001
01111111100000000000000000000001
01111111100000000000000000000001
01111111100000000000000000000000
11111111100000000000000000000000
01111111100000000000000000000000
11111111100000000000000000000000
01000001111010000111101100001111
11000010001100011100010101001110
01000100000000011001101000001010
11000001101111111000000101111011
01000110001101000101111010111101
01111111100000000000000000000001
11111111100000000000000000000000
01111111100000000000000000000001
01111111100000000000000000000000
11111111100000000000000000000000
01111111100000000000000000000000
11111111100000000000000000000000
01111111100000000000000000000000
01111111100000000000000000000001
00000000000000000000000000000000
01000000111001101110101001010111
00111111001011001100011000101001
01000001000001011000100101111001
11000001011000111010100010110011
00111111101111101001100110010101
00000000000000000000000000000000
11111111100000000000000000000000
01111111100000000000000000000000
00000000000000000000000000000000
01111111100000000000000000000001
01111111100000000000000000000001
01111111100000000000000000000000
00000000000000000000000000000000