01000001001001110001001001101111
00101
0
01000000111011000001110101111110
00101
0
01000001001011101110110100101001
10101
0
01000011101000111100010111111101
11101
0
01000010000111001111101110010000
11111
0
11000100001010000111110010101010
11111
0
01000010001111010111011000110100
00001
0
01000010100111111000011111001101
01101
0
01000010010101100100010100001111
01001
0
01000001001001110001001001101111
00101
1
01000000111011000001110101111110
00101
1
01000001001011101110110100101001
10101
1
01000011101000111100010111111101
11101
1
01000010000111001111101110010000
11111
1
11000100001010000111110010101010
11111
1
01000010001111010111011000110100
00001
1
01000010100111111000011111001101
01101
1
01000010010101100100010100001111
01001
1