00000010000010010011100010010011
00000010000001110110000011101011
00000000000000000000001000001001
00000000000000000000000000000010
00000000000000000000000000000000	
00000000000000000000000000000001	
00100001000111101011101100011010	
00000000000000100001010011111100
00000000001000010010101100100010
00100100111000100100110111100000
00011101100000111010111111000000	
10100101001000000000000000000000
10100000000000000000000000000000
00000000000000000000000000000000
00000000000000000000000000000000	
10000100011110101110110001101000
11110000111110011010000000000000
10101100100010100001111000000000